NumberOfSteps = 1100 
#time 	 Density 	 Temp 	 Velocity (x,y,z) 
0.000000e+00 2.137588e-28 2.150000e+07 0.000000e+00 0.000000e+00 1.785130e+08
3.153600e+13 2.141603e-28 2.150000e+07 0.000000e+00 0.000000e+00 1.786201e+08
6.307200e+13 2.145618e-28 2.150000e+07 0.000000e+00 0.000000e+00 1.787273e+08
9.460800e+13 2.149633e-28 2.150000e+07 0.000000e+00 0.000000e+00 1.788346e+08
1.261440e+14 2.153716e-28 2.150000e+07 0.000000e+00 0.000000e+00 1.789420e+08
1.576800e+14 2.157799e-28 2.150000e+07 0.000000e+00 0.000000e+00 1.790495e+08
1.892160e+14 2.161883e-28 2.150000e+07 0.000000e+00 0.000000e+00 1.791571e+08
2.207520e+14 2.165966e-28 2.150000e+07 0.000000e+00 0.000000e+00 1.792648e+08
2.522880e+14 2.170117e-28 2.150000e+07 0.000000e+00 0.000000e+00 1.793726e+08
2.838240e+14 2.174200e-28 2.150000e+07 0.000000e+00 0.000000e+00 1.794805e+08
3.153600e+14 2.178351e-28 2.150000e+07 0.000000e+00 0.000000e+00 1.795886e+08
3.468960e+14 2.182502e-28 2.150000e+07 0.000000e+00 0.000000e+00 1.796967e+08
3.784320e+14 2.186722e-28 2.150000e+07 0.000000e+00 0.000000e+00 1.798049e+08
4.099680e+14 2.190873e-28 2.150000e+07 0.000000e+00 0.000000e+00 1.799132e+08
4.415040e+14 2.195092e-28 2.150000e+07 0.000000e+00 0.000000e+00 1.800217e+08
4.730400e+14 2.199311e-28 2.150000e+07 0.000000e+00 0.000000e+00 1.801302e+08
5.045760e+14 2.203531e-28 2.150000e+07 0.000000e+00 0.000000e+00 1.802389e+08
5.361120e+14 2.207818e-28 2.150000e+07 0.000000e+00 0.000000e+00 1.803476e+08
5.676480e+14 2.212037e-28 2.150000e+07 0.000000e+00 0.000000e+00 1.804565e+08
5.991840e+14 2.216324e-28 2.150000e+07 0.000000e+00 0.000000e+00 1.805655e+08
6.307200e+14 2.220612e-28 2.150000e+07 0.000000e+00 0.000000e+00 1.806745e+08
6.622560e+14 2.224899e-28 2.150000e+07 0.000000e+00 0.000000e+00 1.807837e+08
6.937920e+14 2.229254e-28 2.150000e+07 0.000000e+00 0.000000e+00 1.808930e+08
7.253280e+14 2.233610e-28 2.150000e+07 0.000000e+00 0.000000e+00 1.810024e+08
7.568640e+14 2.237897e-28 2.150000e+07 0.000000e+00 0.000000e+00 1.811119e+08
7.884000e+14 2.242320e-28 2.150000e+07 0.000000e+00 0.000000e+00 1.812215e+08
8.199360e+14 2.246676e-28 2.150000e+07 0.000000e+00 0.000000e+00 1.813312e+08
8.514720e+14 2.251099e-28 2.150000e+07 0.000000e+00 0.000000e+00 1.814410e+08
8.830080e+14 2.255522e-28 2.150000e+07 0.000000e+00 0.000000e+00 1.815509e+08
9.145440e+14 2.259946e-28 2.150000e+07 0.000000e+00 0.000000e+00 1.816610e+08
9.460800e+14 2.264369e-28 2.150000e+07 0.000000e+00 0.000000e+00 1.817711e+08
9.776160e+14 2.268793e-28 2.150000e+07 0.000000e+00 0.000000e+00 1.818814e+08
1.009152e+15 2.273284e-28 2.150000e+07 0.000000e+00 0.000000e+00 1.819917e+08
1.040688e+15 2.277776e-28 2.150000e+07 0.000000e+00 0.000000e+00 1.821022e+08
1.072224e+15 2.282335e-28 2.150000e+07 0.000000e+00 0.000000e+00 1.822128e+08
1.103760e+15 2.286826e-28 2.150000e+07 0.000000e+00 0.000000e+00 1.823235e+08
1.135296e+15 2.291386e-28 2.150000e+07 0.000000e+00 0.000000e+00 1.824343e+08
1.166832e+15 2.295945e-28 2.150000e+07 0.000000e+00 0.000000e+00 1.825452e+08
1.198368e+15 2.300505e-28 2.150000e+07 0.000000e+00 0.000000e+00 1.826562e+08
1.229904e+15 2.305064e-28 2.150000e+07 0.000000e+00 0.000000e+00 1.827673e+08
1.261440e+15 2.309692e-28 2.150000e+07 0.000000e+00 0.000000e+00 1.828786e+08
1.292976e+15 2.314320e-28 2.150000e+07 0.000000e+00 0.000000e+00 1.829899e+08
1.324512e+15 2.318947e-28 2.150000e+07 0.000000e+00 0.000000e+00 1.831014e+08
1.356048e+15 2.323643e-28 2.150000e+07 0.000000e+00 0.000000e+00 1.832130e+08
1.387584e+15 2.328270e-28 2.150000e+07 0.000000e+00 0.000000e+00 1.833247e+08
1.419120e+15 2.332966e-28 2.150000e+07 0.000000e+00 0.000000e+00 1.834365e+08
1.450656e+15 2.337661e-28 2.150000e+07 0.000000e+00 0.000000e+00 1.835484e+08
1.482192e+15 2.342425e-28 2.150000e+07 0.000000e+00 0.000000e+00 1.836604e+08
1.513728e+15 2.347121e-28 2.150000e+07 0.000000e+00 0.000000e+00 1.837726e+08
1.545264e+15 2.351884e-28 2.150000e+07 0.000000e+00 0.000000e+00 1.838848e+08
1.576800e+15 2.356716e-28 2.150000e+07 0.000000e+00 0.000000e+00 1.839972e+08
1.608336e+15 2.361480e-28 2.150000e+07 0.000000e+00 0.000000e+00 1.841097e+08
1.639872e+15 2.366311e-28 2.150000e+07 0.000000e+00 0.000000e+00 1.842223e+08
1.671408e+15 2.371143e-28 2.150000e+07 0.000000e+00 0.000000e+00 1.843350e+08
1.702944e+15 2.375975e-28 2.150000e+07 0.000000e+00 0.000000e+00 1.844478e+08
1.734480e+15 2.380807e-28 2.150000e+07 0.000000e+00 0.000000e+00 1.845608e+08
1.766016e+15 2.385706e-28 2.150000e+07 0.000000e+00 0.000000e+00 1.846738e+08
1.797552e+15 2.390606e-28 2.150000e+07 0.000000e+00 0.000000e+00 1.847870e+08
1.829088e+15 2.395506e-28 2.150000e+07 0.000000e+00 0.000000e+00 1.849003e+08
1.860624e+15 2.400474e-28 2.150000e+07 0.000000e+00 0.000000e+00 1.850137e+08
1.892160e+15 2.405441e-28 2.150000e+07 0.000000e+00 0.000000e+00 1.851273e+08
1.923696e+15 2.410409e-28 2.150000e+07 0.000000e+00 0.000000e+00 1.852409e+08
1.955232e+15 2.415377e-28 2.150000e+07 0.000000e+00 0.000000e+00 1.853547e+08
1.986768e+15 2.420413e-28 2.150000e+07 0.000000e+00 0.000000e+00 1.854686e+08
2.018304e+15 2.425449e-28 2.150000e+07 0.000000e+00 0.000000e+00 1.855826e+08
2.049840e+15 2.430485e-28 2.150000e+07 0.000000e+00 0.000000e+00 1.856967e+08
2.081376e+15 2.435521e-28 2.150000e+07 0.000000e+00 0.000000e+00 1.858109e+08
2.112912e+15 2.440624e-28 2.150000e+07 0.000000e+00 0.000000e+00 1.859253e+08
2.144448e+15 2.445728e-28 2.150000e+07 0.000000e+00 0.000000e+00 1.860397e+08
2.175984e+15 2.450832e-28 2.150000e+07 0.000000e+00 0.000000e+00 1.861543e+08
2.207520e+15 2.456004e-28 2.150000e+07 0.000000e+00 0.000000e+00 1.862691e+08
2.239056e+15 2.461176e-28 2.150000e+07 0.000000e+00 0.000000e+00 1.863839e+08
2.270592e+15 2.466348e-28 2.150000e+07 0.000000e+00 0.000000e+00 1.864989e+08
2.302128e+15 2.471520e-28 2.150000e+07 0.000000e+00 0.000000e+00 1.866139e+08
2.333664e+15 2.476760e-28 2.150000e+07 0.000000e+00 0.000000e+00 1.867291e+08
2.365200e+15 2.482000e-28 2.150000e+07 0.000000e+00 0.000000e+00 1.868445e+08
2.396736e+15 2.487240e-28 2.150000e+07 0.000000e+00 0.000000e+00 1.869599e+08
2.428272e+15 2.492548e-28 2.150000e+07 0.000000e+00 0.000000e+00 1.870755e+08
2.459808e+15 2.497856e-28 2.150000e+07 0.000000e+00 0.000000e+00 1.871912e+08
2.491344e+15 2.503164e-28 2.150000e+07 0.000000e+00 0.000000e+00 1.873070e+08
2.522880e+15 2.508472e-28 2.150000e+07 0.000000e+00 0.000000e+00 1.874229e+08
2.554416e+15 2.513849e-28 2.150000e+07 0.000000e+00 0.000000e+00 1.875390e+08
2.585952e+15 2.519225e-28 2.150000e+07 0.000000e+00 0.000000e+00 1.876551e+08
2.617488e+15 2.524669e-28 2.150000e+07 0.000000e+00 0.000000e+00 1.877714e+08
2.649024e+15 2.530045e-28 2.150000e+07 0.000000e+00 0.000000e+00 1.878879e+08
2.680560e+15 2.535489e-28 2.150000e+07 0.000000e+00 0.000000e+00 1.880044e+08
2.712096e+15 2.541001e-28 2.150000e+07 0.000000e+00 0.000000e+00 1.881211e+08
2.743632e+15 2.546446e-28 2.150000e+07 0.000000e+00 0.000000e+00 1.882379e+08
2.775168e+15 2.551958e-28 2.150000e+07 0.000000e+00 0.000000e+00 1.883549e+08
2.806704e+15 2.557470e-28 2.150000e+07 0.000000e+00 0.000000e+00 1.884719e+08
2.838240e+15 2.563050e-28 2.150000e+07 0.000000e+00 0.000000e+00 1.885891e+08
2.869776e+15 2.568631e-28 2.150000e+07 0.000000e+00 0.000000e+00 1.887064e+08
2.901312e+15 2.574211e-28 2.150000e+07 0.000000e+00 0.000000e+00 1.888239e+08
2.932848e+15 2.579791e-28 2.150000e+07 0.000000e+00 0.000000e+00 1.889414e+08
2.964384e+15 2.585440e-28 2.150000e+07 0.000000e+00 0.000000e+00 1.890591e+08
2.995920e+15 2.591088e-28 2.150000e+07 0.000000e+00 0.000000e+00 1.891769e+08
3.027456e+15 2.596804e-28 2.150000e+07 0.000000e+00 0.000000e+00 1.892949e+08
3.058992e+15 2.602521e-28 2.150000e+07 0.000000e+00 0.000000e+00 1.894130e+08
3.090528e+15 2.608237e-28 2.150000e+07 0.000000e+00 0.000000e+00 1.895312e+08
3.122064e+15 2.613953e-28 2.150000e+07 0.000000e+00 0.000000e+00 1.896495e+08
3.153600e+15 2.619738e-28 2.150000e+07 0.000000e+00 0.000000e+00 1.897680e+08
3.185136e+15 2.625522e-28 2.150000e+07 0.000000e+00 0.000000e+00 1.898866e+08
3.216672e+15 2.631307e-28 2.150000e+07 0.000000e+00 0.000000e+00 1.900053e+08
3.248208e+15 2.637159e-28 2.150000e+07 0.000000e+00 0.000000e+00 1.901242e+08
3.279744e+15 2.643012e-28 2.150000e+07 0.000000e+00 0.000000e+00 1.902432e+08
3.311280e+15 2.648932e-28 2.150000e+07 0.000000e+00 0.000000e+00 1.903623e+08
3.342816e+15 2.654853e-28 2.150000e+07 0.000000e+00 0.000000e+00 1.904816e+08
3.374352e+15 2.660773e-28 2.150000e+07 0.000000e+00 0.000000e+00 1.906010e+08
3.405888e+15 2.666694e-28 2.150000e+07 0.000000e+00 0.000000e+00 1.907205e+08
3.437424e+15 2.672682e-28 2.150000e+07 0.000000e+00 0.000000e+00 1.908401e+08
3.468960e+15 2.678671e-28 2.150000e+07 0.000000e+00 0.000000e+00 1.909599e+08
3.500496e+15 2.684728e-28 2.150000e+07 0.000000e+00 0.000000e+00 1.910798e+08
3.532032e+15 2.690784e-28 2.150000e+07 0.000000e+00 0.000000e+00 1.911999e+08
3.563568e+15 2.696841e-28 2.150000e+07 0.000000e+00 0.000000e+00 1.913201e+08
3.595104e+15 2.702966e-28 2.150000e+07 0.000000e+00 0.000000e+00 1.914404e+08
3.626640e+15 2.709022e-28 2.150000e+07 0.000000e+00 0.000000e+00 1.915609e+08
3.658176e+15 2.715215e-28 2.150000e+07 0.000000e+00 0.000000e+00 1.916815e+08
3.689712e+15 2.721340e-28 2.150000e+07 0.000000e+00 0.000000e+00 1.918022e+08
3.721248e+15 2.727601e-28 2.150000e+07 0.000000e+00 0.000000e+00 1.919231e+08
3.752784e+15 2.733793e-28 2.150000e+07 0.000000e+00 0.000000e+00 1.920441e+08
3.784320e+15 2.740054e-28 2.150000e+07 0.000000e+00 0.000000e+00 1.921652e+08
3.815856e+15 2.746315e-28 2.150000e+07 0.000000e+00 0.000000e+00 1.922865e+08
3.847392e+15 2.752576e-28 2.150000e+07 0.000000e+00 0.000000e+00 1.924080e+08
3.878928e+15 2.758905e-28 2.150000e+07 0.000000e+00 0.000000e+00 1.925295e+08
3.910464e+15 2.765302e-28 2.150000e+07 0.000000e+00 0.000000e+00 1.926512e+08
3.942000e+15 2.771630e-28 2.150000e+07 0.000000e+00 0.000000e+00 1.927731e+08
3.973536e+15 2.778027e-28 2.150000e+07 0.000000e+00 0.000000e+00 1.928950e+08
4.005072e+15 2.784492e-28 2.150000e+07 0.000000e+00 0.000000e+00 1.930171e+08
4.036608e+15 2.790957e-28 2.150000e+07 0.000000e+00 0.000000e+00 1.931394e+08
4.068144e+15 2.797422e-28 2.150000e+07 0.000000e+00 0.000000e+00 1.932618e+08
4.099680e+15 2.803887e-28 2.150000e+07 0.000000e+00 0.000000e+00 1.933843e+08
4.131216e+15 2.810420e-28 2.150000e+07 0.000000e+00 0.000000e+00 1.935070e+08
4.162752e+15 2.817021e-28 2.150000e+07 0.000000e+00 0.000000e+00 1.936298e+08
4.194288e+15 2.823622e-28 2.150000e+07 0.000000e+00 0.000000e+00 1.937528e+08
4.225824e+15 2.830223e-28 2.150000e+07 0.000000e+00 0.000000e+00 1.938759e+08
4.257360e+15 2.836824e-28 2.150000e+07 0.000000e+00 0.000000e+00 1.939992e+08
4.288896e+15 2.843494e-28 2.150000e+07 0.000000e+00 0.000000e+00 1.941226e+08
4.320432e+15 2.850231e-28 2.150000e+07 0.000000e+00 0.000000e+00 1.942461e+08
4.351968e+15 2.856900e-28 2.150000e+07 0.000000e+00 0.000000e+00 1.943698e+08
4.383504e+15 2.863705e-28 2.150000e+07 0.000000e+00 0.000000e+00 1.944936e+08
4.415040e+15 2.870442e-28 2.150000e+07 0.000000e+00 0.000000e+00 1.946176e+08
4.446576e+15 2.877247e-28 2.150000e+07 0.000000e+00 0.000000e+00 1.947417e+08
4.478112e+15 2.884121e-28 2.150000e+07 0.000000e+00 0.000000e+00 1.948660e+08
4.509648e+15 2.890994e-28 2.150000e+07 0.000000e+00 0.000000e+00 1.949904e+08
4.541184e+15 2.897867e-28 2.150000e+07 0.000000e+00 0.000000e+00 1.951150e+08
4.572720e+15 2.904809e-28 2.150000e+07 0.000000e+00 0.000000e+00 1.952397e+08
4.604256e+15 2.911750e-28 2.150000e+07 0.000000e+00 0.000000e+00 1.953645e+08
4.635792e+15 2.918759e-28 2.150000e+07 0.000000e+00 0.000000e+00 1.954895e+08
4.667328e+15 2.925769e-28 2.150000e+07 0.000000e+00 0.000000e+00 1.956147e+08
4.698864e+15 2.932778e-28 2.150000e+07 0.000000e+00 0.000000e+00 1.957400e+08
4.730400e+15 2.939855e-28 2.150000e+07 0.000000e+00 0.000000e+00 1.958654e+08
4.761936e+15 2.946933e-28 2.150000e+07 0.000000e+00 0.000000e+00 1.959910e+08
4.793472e+15 2.954078e-28 2.150000e+07 0.000000e+00 0.000000e+00 1.961168e+08
4.825008e+15 2.961224e-28 2.150000e+07 0.000000e+00 0.000000e+00 1.962427e+08
4.856544e+15 2.968437e-28 2.150000e+07 0.000000e+00 0.000000e+00 1.963687e+08
4.888080e+15 2.975651e-28 2.150000e+07 0.000000e+00 0.000000e+00 1.964949e+08
4.919616e+15 2.982933e-28 2.150000e+07 0.000000e+00 0.000000e+00 1.966213e+08
4.951152e+15 2.990214e-28 2.150000e+07 0.000000e+00 0.000000e+00 1.967478e+08
4.982688e+15 2.997496e-28 2.150000e+07 0.000000e+00 0.000000e+00 1.968744e+08
5.014224e+15 3.004845e-28 2.150000e+07 0.000000e+00 0.000000e+00 1.970012e+08
5.045760e+15 3.012263e-28 2.150000e+07 0.000000e+00 0.000000e+00 1.971282e+08
5.077296e+15 3.019613e-28 2.150000e+07 0.000000e+00 0.000000e+00 1.972553e+08
5.108832e+15 3.027098e-28 2.150000e+07 0.000000e+00 0.000000e+00 1.973826e+08
5.140368e+15 3.034584e-28 2.150000e+07 0.000000e+00 0.000000e+00 1.975100e+08
5.171904e+15 3.042070e-28 2.150000e+07 0.000000e+00 0.000000e+00 1.976376e+08
5.203440e+15 3.049624e-28 2.150000e+07 0.000000e+00 0.000000e+00 1.977654e+08
5.234976e+15 3.057177e-28 2.150000e+07 0.000000e+00 0.000000e+00 1.978933e+08
5.266512e+15 3.064799e-28 2.150000e+07 0.000000e+00 0.000000e+00 1.980213e+08
5.298048e+15 3.072421e-28 2.150000e+07 0.000000e+00 0.000000e+00 1.981495e+08
5.329584e+15 3.080111e-28 2.150000e+07 0.000000e+00 0.000000e+00 1.982779e+08
5.361120e+15 3.087801e-28 2.150000e+07 0.000000e+00 0.000000e+00 1.984064e+08
5.392656e+15 3.095559e-28 2.150000e+07 0.000000e+00 0.000000e+00 1.985351e+08
5.424192e+15 3.103317e-28 2.150000e+07 0.000000e+00 0.000000e+00 1.986640e+08
5.455728e+15 3.111143e-28 2.150000e+07 0.000000e+00 0.000000e+00 1.987930e+08
5.487264e+15 3.118969e-28 2.150000e+07 0.000000e+00 0.000000e+00 1.989221e+08
5.518800e+15 3.126863e-28 2.150000e+07 0.000000e+00 0.000000e+00 1.990515e+08
5.550336e+15 3.134757e-28 2.150000e+07 0.000000e+00 0.000000e+00 1.991810e+08
5.581872e+15 3.142719e-28 2.150000e+07 0.000000e+00 0.000000e+00 1.993106e+08
5.613408e+15 3.150681e-28 2.150000e+07 0.000000e+00 0.000000e+00 1.994404e+08
5.644944e+15 3.158711e-28 2.150000e+07 0.000000e+00 0.000000e+00 1.995704e+08
5.676480e+15 3.166742e-28 2.150000e+07 0.000000e+00 0.000000e+00 1.997005e+08
5.708016e+15 3.174840e-28 2.150000e+07 0.000000e+00 0.000000e+00 1.998308e+08
5.739552e+15 3.182938e-28 2.150000e+07 0.000000e+00 0.000000e+00 1.999613e+08
5.771088e+15 3.191104e-28 2.150000e+07 0.000000e+00 0.000000e+00 2.000919e+08
5.802624e+15 3.199339e-28 2.150000e+07 0.000000e+00 0.000000e+00 2.002227e+08
5.834160e+15 3.207573e-28 2.150000e+07 0.000000e+00 0.000000e+00 2.003537e+08
5.865696e+15 3.215807e-28 2.150000e+07 0.000000e+00 0.000000e+00 2.004848e+08
5.897232e+15 3.224110e-28 2.150000e+07 0.000000e+00 0.000000e+00 2.006161e+08
5.928768e+15 3.232480e-28 2.150000e+07 0.000000e+00 0.000000e+00 2.007476e+08
5.960304e+15 3.240850e-28 2.150000e+07 0.000000e+00 0.000000e+00 2.008792e+08
5.991840e+15 3.249289e-28 2.150000e+07 0.000000e+00 0.000000e+00 2.010110e+08
6.023376e+15 3.257727e-28 2.150000e+07 0.000000e+00 0.000000e+00 2.011430e+08
6.054912e+15 3.266234e-28 2.150000e+07 0.000000e+00 0.000000e+00 2.012751e+08
6.086448e+15 3.274808e-28 2.150000e+07 0.000000e+00 0.000000e+00 2.014074e+08
6.117984e+15 3.283383e-28 2.150000e+07 0.000000e+00 0.000000e+00 2.015399e+08
6.149520e+15 3.291958e-28 2.150000e+07 0.000000e+00 0.000000e+00 2.016725e+08
6.181056e+15 3.300600e-28 2.150000e+07 0.000000e+00 0.000000e+00 2.018053e+08
6.212592e+15 3.309311e-28 2.150000e+07 0.000000e+00 0.000000e+00 2.019383e+08
6.244128e+15 3.318022e-28 2.150000e+07 0.000000e+00 0.000000e+00 2.020715e+08
6.275664e+15 3.326800e-28 2.150000e+07 0.000000e+00 0.000000e+00 2.022048e+08
6.307200e+15 3.335647e-28 2.150000e+07 0.000000e+00 0.000000e+00 2.023383e+08
6.338736e+15 3.344494e-28 2.150000e+07 0.000000e+00 0.000000e+00 2.024720e+08
6.370272e+15 3.353409e-28 2.150000e+07 0.000000e+00 0.000000e+00 2.026059e+08
6.401808e+15 3.362324e-28 2.150000e+07 0.000000e+00 0.000000e+00 2.027399e+08
6.433344e+15 3.371306e-28 2.150000e+07 0.000000e+00 0.000000e+00 2.028741e+08
6.464880e+15 3.380357e-28 2.150000e+07 0.000000e+00 0.000000e+00 2.030085e+08
6.496416e+15 3.389408e-28 2.150000e+07 0.000000e+00 0.000000e+00 2.031431e+08
6.527952e+15 3.398459e-28 2.150000e+07 0.000000e+00 0.000000e+00 2.032778e+08
6.559488e+15 3.407646e-28 2.150000e+07 0.000000e+00 0.000000e+00 2.034127e+08
6.591024e+15 3.416833e-28 2.150000e+07 0.000000e+00 0.000000e+00 2.035478e+08
6.622560e+15 3.426088e-28 2.150000e+07 0.000000e+00 0.000000e+00 2.036831e+08
6.654096e+15 3.435344e-28 2.150000e+07 0.000000e+00 0.000000e+00 2.038185e+08
6.685632e+15 3.444667e-28 2.150000e+07 0.000000e+00 0.000000e+00 2.039541e+08
6.717168e+15 3.453990e-28 2.150000e+07 0.000000e+00 0.000000e+00 2.040900e+08
6.748704e+15 3.463449e-28 2.150000e+07 0.000000e+00 0.000000e+00 2.042259e+08
6.780240e+15 3.472908e-28 2.150000e+07 0.000000e+00 0.000000e+00 2.043621e+08
6.811776e+15 3.482368e-28 2.150000e+07 0.000000e+00 0.000000e+00 2.044985e+08
6.843312e+15 3.491895e-28 2.150000e+07 0.000000e+00 0.000000e+00 2.046350e+08
6.874848e+15 3.501490e-28 2.150000e+07 0.000000e+00 0.000000e+00 2.047717e+08
6.906384e+15 3.511154e-28 2.150000e+07 0.000000e+00 0.000000e+00 2.049086e+08
6.937920e+15 3.520817e-28 2.150000e+07 0.000000e+00 0.000000e+00 2.050457e+08
6.969456e+15 3.530549e-28 2.150000e+07 0.000000e+00 0.000000e+00 2.051830e+08
7.000992e+15 3.540280e-28 2.150000e+07 0.000000e+00 0.000000e+00 2.053205e+08
7.032528e+15 3.550148e-28 2.150000e+07 0.000000e+00 0.000000e+00 2.054581e+08
7.064064e+15 3.560015e-28 2.150000e+07 0.000000e+00 0.000000e+00 2.055959e+08
7.095600e+15 3.569883e-28 2.150000e+07 0.000000e+00 0.000000e+00 2.057340e+08
7.127136e+15 3.579886e-28 2.150000e+07 0.000000e+00 0.000000e+00 2.058722e+08
7.158672e+15 3.589890e-28 2.150000e+07 0.000000e+00 0.000000e+00 2.060106e+08
7.190208e+15 3.599962e-28 2.150000e+07 0.000000e+00 0.000000e+00 2.061492e+08
7.221744e+15 3.610034e-28 2.150000e+07 0.000000e+00 0.000000e+00 2.062879e+08
7.253280e+15 3.620173e-28 2.150000e+07 0.000000e+00 0.000000e+00 2.064269e+08
7.284816e+15 3.630381e-28 2.150000e+07 0.000000e+00 0.000000e+00 2.065661e+08
7.316352e+15 3.640657e-28 2.150000e+07 0.000000e+00 0.000000e+00 2.067054e+08
7.347888e+15 3.650933e-28 2.150000e+07 0.000000e+00 0.000000e+00 2.068449e+08
7.379424e+15 3.661277e-28 2.150000e+07 0.000000e+00 0.000000e+00 2.069847e+08
7.410960e+15 3.671689e-28 2.150000e+07 0.000000e+00 0.000000e+00 2.071246e+08
7.442496e+15 3.682169e-28 2.150000e+07 0.000000e+00 0.000000e+00 2.072647e+08
7.474032e+15 3.692649e-28 2.150000e+07 0.000000e+00 0.000000e+00 2.074050e+08
7.505568e+15 3.703265e-28 2.150000e+07 0.000000e+00 0.000000e+00 2.075456e+08
7.537104e+15 3.713813e-28 2.150000e+07 0.000000e+00 0.000000e+00 2.076863e+08
7.568640e+15 3.724497e-28 2.150000e+07 0.000000e+00 0.000000e+00 2.078272e+08
7.600176e+15 3.735250e-28 2.150000e+07 0.000000e+00 0.000000e+00 2.079683e+08
7.631712e+15 3.746002e-28 2.150000e+07 0.000000e+00 0.000000e+00 2.081096e+08
7.663248e+15 3.756822e-28 2.150000e+07 0.000000e+00 0.000000e+00 2.082511e+08
7.694784e+15 3.767711e-28 2.150000e+07 0.000000e+00 0.000000e+00 2.083928e+08
7.726320e+15 3.778599e-28 2.150000e+07 0.000000e+00 0.000000e+00 2.085347e+08
7.757856e+15 3.789623e-28 2.150000e+07 0.000000e+00 0.000000e+00 2.086768e+08
7.789392e+15 3.800648e-28 2.150000e+07 0.000000e+00 0.000000e+00 2.088191e+08
7.820928e+15 3.811740e-28 2.150000e+07 0.000000e+00 0.000000e+00 2.089616e+08
7.852464e+15 3.822901e-28 2.150000e+07 0.000000e+00 0.000000e+00 2.091043e+08
7.884000e+15 3.834130e-28 2.150000e+07 0.000000e+00 0.000000e+00 2.092472e+08
7.915536e+15 3.845358e-28 2.150000e+07 0.000000e+00 0.000000e+00 2.093903e+08
7.947072e+15 3.856723e-28 2.150000e+07 0.000000e+00 0.000000e+00 2.095336e+08
7.978608e+15 3.868088e-28 2.150000e+07 0.000000e+00 0.000000e+00 2.096772e+08
8.010144e+15 3.879520e-28 2.150000e+07 0.000000e+00 0.000000e+00 2.098209e+08
8.041680e+15 3.891021e-28 2.150000e+07 0.000000e+00 0.000000e+00 2.099648e+08
8.073216e+15 3.902590e-28 2.150000e+07 0.000000e+00 0.000000e+00 2.101090e+08
8.104752e+15 3.914159e-28 2.150000e+07 0.000000e+00 0.000000e+00 2.102533e+08
8.136288e+15 3.925864e-28 2.150000e+07 0.000000e+00 0.000000e+00 2.103979e+08
8.167824e+15 3.937569e-28 2.150000e+07 0.000000e+00 0.000000e+00 2.105427e+08
8.199360e+15 3.949342e-28 2.150000e+07 0.000000e+00 0.000000e+00 2.106876e+08
8.230896e+15 3.961251e-28 2.150000e+07 0.000000e+00 0.000000e+00 2.108328e+08
8.262432e+15 3.973160e-28 2.150000e+07 0.000000e+00 0.000000e+00 2.109782e+08
8.293968e+15 3.985137e-28 2.150000e+07 0.000000e+00 0.000000e+00 2.111238e+08
8.325504e+15 3.997115e-28 2.150000e+07 0.000000e+00 0.000000e+00 2.112697e+08
8.357040e+15 4.009228e-28 2.150000e+07 0.000000e+00 0.000000e+00 2.114157e+08
8.388576e+15 4.021409e-28 2.150000e+07 0.000000e+00 0.000000e+00 2.115620e+08
8.420112e+15 4.033659e-28 2.150000e+07 0.000000e+00 0.000000e+00 2.117085e+08
8.451648e+15 4.045908e-28 2.150000e+07 0.000000e+00 0.000000e+00 2.118551e+08
8.483184e+15 4.058294e-28 2.150000e+07 0.000000e+00 0.000000e+00 2.120020e+08
8.514720e+15 4.070679e-28 2.150000e+07 0.000000e+00 0.000000e+00 2.121492e+08
8.546256e+15 4.083201e-28 2.150000e+07 0.000000e+00 0.000000e+00 2.122965e+08
8.577792e+15 4.095722e-28 2.150000e+07 0.000000e+00 0.000000e+00 2.124441e+08
8.609328e+15 4.108312e-28 2.150000e+07 0.000000e+00 0.000000e+00 2.125918e+08
8.640864e+15 4.121038e-28 2.150000e+07 0.000000e+00 0.000000e+00 2.127398e+08
8.672400e+15 4.133763e-28 2.150000e+07 0.000000e+00 0.000000e+00 2.128881e+08
8.703936e+15 4.146557e-28 2.150000e+07 0.000000e+00 0.000000e+00 2.130365e+08
8.735472e+15 4.159487e-28 2.150000e+07 0.000000e+00 0.000000e+00 2.131852e+08
8.767008e+15 4.172417e-28 2.150000e+07 0.000000e+00 0.000000e+00 2.133341e+08
8.798544e+15 4.185415e-28 2.150000e+07 0.000000e+00 0.000000e+00 2.134832e+08
8.830080e+15 4.198549e-28 2.150000e+07 0.000000e+00 0.000000e+00 2.136325e+08
8.861616e+15 4.211683e-28 2.150000e+07 0.000000e+00 0.000000e+00 2.137821e+08
8.893152e+15 4.224885e-28 2.150000e+07 0.000000e+00 0.000000e+00 2.139319e+08
8.924688e+15 4.238224e-28 2.150000e+07 0.000000e+00 0.000000e+00 2.140819e+08
8.956224e+15 4.251562e-28 2.150000e+07 0.000000e+00 0.000000e+00 2.142321e+08
8.987760e+15 4.265036e-28 2.150000e+07 0.000000e+00 0.000000e+00 2.143826e+08
9.019296e+15 4.278579e-28 2.150000e+07 0.000000e+00 0.000000e+00 2.145333e+08
9.050832e+15 4.292121e-28 2.150000e+07 0.000000e+00 0.000000e+00 2.146843e+08
9.082368e+15 4.305799e-28 2.150000e+07 0.000000e+00 0.000000e+00 2.148354e+08
9.113904e+15 4.319546e-28 2.150000e+07 0.000000e+00 0.000000e+00 2.149868e+08
9.145440e+15 4.333361e-28 2.150000e+07 0.000000e+00 0.000000e+00 2.151385e+08
9.176976e+15 4.347243e-28 2.150000e+07 0.000000e+00 0.000000e+00 2.152903e+08
9.208512e+15 4.361194e-28 2.150000e+07 0.000000e+00 0.000000e+00 2.154424e+08
9.240048e+15 4.375281e-28 2.150000e+07 0.000000e+00 0.000000e+00 2.155948e+08
9.271584e+15 4.389368e-28 2.150000e+07 0.000000e+00 0.000000e+00 2.157474e+08
9.303120e+15 4.403590e-28 2.150000e+07 0.000000e+00 0.000000e+00 2.159002e+08
9.334656e+15 4.417813e-28 2.150000e+07 0.000000e+00 0.000000e+00 2.160532e+08
9.366192e+15 4.432172e-28 2.150000e+07 0.000000e+00 0.000000e+00 2.162065e+08
9.397728e+15 4.446599e-28 2.150000e+07 0.000000e+00 0.000000e+00 2.163600e+08
9.429264e+15 4.461163e-28 2.150000e+07 0.000000e+00 0.000000e+00 2.165138e+08
9.460800e+15 4.475726e-28 2.150000e+07 0.000000e+00 0.000000e+00 2.166678e+08
9.492336e+15 4.490425e-28 2.150000e+07 0.000000e+00 0.000000e+00 2.168221e+08
9.523872e+15 4.505192e-28 2.150000e+07 0.000000e+00 0.000000e+00 2.169766e+08
9.555408e+15 4.520028e-28 2.150000e+07 0.000000e+00 0.000000e+00 2.171313e+08
9.586944e+15 4.534931e-28 2.150000e+07 0.000000e+00 0.000000e+00 2.172863e+08
9.618480e+15 4.549903e-28 2.150000e+07 0.000000e+00 0.000000e+00 2.174415e+08
9.650016e+15 4.565010e-28 2.150000e+07 0.000000e+00 0.000000e+00 2.175970e+08
9.681552e+15 4.580186e-28 2.150000e+07 0.000000e+00 0.000000e+00 2.177527e+08
9.713088e+15 4.595430e-28 2.150000e+07 0.000000e+00 0.000000e+00 2.179087e+08
9.744624e+15 4.610809e-28 2.150000e+07 0.000000e+00 0.000000e+00 2.180649e+08
9.776160e+15 4.626257e-28 2.150000e+07 0.000000e+00 0.000000e+00 2.182214e+08
9.807696e+15 4.641773e-28 2.150000e+07 0.000000e+00 0.000000e+00 2.183781e+08
9.839232e+15 4.657357e-28 2.150000e+07 0.000000e+00 0.000000e+00 2.185351e+08
9.870768e+15 4.673077e-28 2.150000e+07 0.000000e+00 0.000000e+00 2.186924e+08
9.902304e+15 4.688865e-28 2.150000e+07 0.000000e+00 0.000000e+00 2.188498e+08
9.933840e+15 4.704721e-28 2.150000e+07 0.000000e+00 0.000000e+00 2.190076e+08
9.965376e+15 4.720714e-28 2.150000e+07 0.000000e+00 0.000000e+00 2.191656e+08
9.996912e+15 4.736774e-28 2.150000e+07 0.000000e+00 0.000000e+00 2.193238e+08
1.002845e+16 4.752902e-28 2.150000e+07 0.000000e+00 0.000000e+00 2.194823e+08
1.005998e+16 4.769167e-28 2.150000e+07 0.000000e+00 0.000000e+00 2.196411e+08
1.009152e+16 4.785499e-28 2.150000e+07 0.000000e+00 0.000000e+00 2.198001e+08
1.012306e+16 4.801968e-28 2.150000e+07 0.000000e+00 0.000000e+00 2.199594e+08
1.015459e+16 4.818437e-28 2.150000e+07 0.000000e+00 0.000000e+00 2.201190e+08
1.018613e+16 4.835109e-28 2.150000e+07 0.000000e+00 0.000000e+00 2.202788e+08
1.021766e+16 4.851850e-28 2.150000e+07 0.000000e+00 0.000000e+00 2.204389e+08
1.024920e+16 4.868659e-28 2.150000e+07 0.000000e+00 0.000000e+00 2.205992e+08
1.028074e+16 4.885536e-28 2.150000e+07 0.000000e+00 0.000000e+00 2.207598e+08
1.031227e+16 4.902617e-28 2.150000e+07 0.000000e+00 0.000000e+00 2.209207e+08
1.034381e+16 4.919698e-28 2.150000e+07 0.000000e+00 0.000000e+00 2.210819e+08
1.037534e+16 4.936916e-28 2.150000e+07 0.000000e+00 0.000000e+00 2.212433e+08
1.040688e+16 4.954269e-28 2.150000e+07 0.000000e+00 0.000000e+00 2.214050e+08
1.043842e+16 4.971690e-28 2.150000e+07 0.000000e+00 0.000000e+00 2.215669e+08
1.046995e+16 4.989180e-28 2.150000e+07 0.000000e+00 0.000000e+00 2.217291e+08
1.050149e+16 5.006873e-28 2.150000e+07 0.000000e+00 0.000000e+00 2.218916e+08
1.053302e+16 5.024567e-28 2.150000e+07 0.000000e+00 0.000000e+00 2.220544e+08
1.056456e+16 5.042465e-28 2.150000e+07 0.000000e+00 0.000000e+00 2.222175e+08
1.059610e+16 5.060362e-28 2.150000e+07 0.000000e+00 0.000000e+00 2.223808e+08
1.062763e+16 5.078464e-28 2.150000e+07 0.000000e+00 0.000000e+00 2.225444e+08
1.065917e+16 5.096634e-28 2.150000e+07 0.000000e+00 0.000000e+00 2.227083e+08
1.069070e+16 5.114872e-28 2.150000e+07 0.000000e+00 0.000000e+00 2.228724e+08
1.072224e+16 5.133314e-28 2.150000e+07 0.000000e+00 0.000000e+00 2.230369e+08
1.075378e+16 5.151756e-28 2.150000e+07 0.000000e+00 0.000000e+00 2.232016e+08
1.078531e+16 5.170403e-28 2.150000e+07 0.000000e+00 0.000000e+00 2.233666e+08
1.081685e+16 5.189117e-28 2.150000e+07 0.000000e+00 0.000000e+00 2.235319e+08
1.084838e+16 5.207968e-28 2.150000e+07 0.000000e+00 0.000000e+00 2.236974e+08
1.087992e+16 5.226886e-28 2.150000e+07 0.000000e+00 0.000000e+00 2.238633e+08
1.091146e+16 5.246009e-28 2.150000e+07 0.000000e+00 0.000000e+00 2.240294e+08
1.094299e+16 5.265199e-28 2.150000e+07 0.000000e+00 0.000000e+00 2.241958e+08
1.097453e+16 5.284458e-28 2.150000e+07 0.000000e+00 0.000000e+00 2.243626e+08
1.100606e+16 5.303921e-28 2.150000e+07 0.000000e+00 0.000000e+00 2.245296e+08
1.103760e+16 5.323452e-28 2.150000e+07 0.000000e+00 0.000000e+00 2.246969e+08
1.106914e+16 5.343119e-28 2.150000e+07 0.000000e+00 0.000000e+00 2.248645e+08
1.110067e+16 5.362922e-28 2.150000e+07 0.000000e+00 0.000000e+00 2.250323e+08
1.113221e+16 5.382794e-28 2.150000e+07 0.000000e+00 0.000000e+00 2.252005e+08
1.116374e+16 5.402869e-28 2.150000e+07 0.000000e+00 0.000000e+00 2.253690e+08
1.119528e+16 5.423013e-28 2.150000e+07 0.000000e+00 0.000000e+00 2.255378e+08
1.122682e+16 5.443292e-28 2.150000e+07 0.000000e+00 0.000000e+00 2.257068e+08
1.125835e+16 5.463708e-28 2.150000e+07 0.000000e+00 0.000000e+00 2.258762e+08
1.128989e+16 5.484260e-28 2.150000e+07 0.000000e+00 0.000000e+00 2.260459e+08
1.132142e+16 5.504947e-28 2.150000e+07 0.000000e+00 0.000000e+00 2.262158e+08
1.135296e+16 5.525771e-28 2.150000e+07 0.000000e+00 0.000000e+00 2.263861e+08
1.138450e+16 5.546663e-28 2.150000e+07 0.000000e+00 0.000000e+00 2.265567e+08
1.141603e+16 5.567760e-28 2.150000e+07 0.000000e+00 0.000000e+00 2.267276e+08
1.144757e+16 5.588924e-28 2.150000e+07 0.000000e+00 0.000000e+00 2.268988e+08
1.147910e+16 5.610292e-28 2.150000e+07 0.000000e+00 0.000000e+00 2.270703e+08
1.151064e+16 5.631729e-28 2.150000e+07 0.000000e+00 0.000000e+00 2.272421e+08
1.154218e+16 5.653369e-28 2.150000e+07 0.000000e+00 0.000000e+00 2.274142e+08
1.157371e+16 5.675146e-28 2.150000e+07 0.000000e+00 0.000000e+00 2.275866e+08
1.160525e+16 5.696991e-28 2.150000e+07 0.000000e+00 0.000000e+00 2.277594e+08
1.163678e+16 5.719040e-28 2.150000e+07 0.000000e+00 0.000000e+00 2.279324e+08
1.166832e+16 5.741225e-28 2.150000e+07 0.000000e+00 0.000000e+00 2.281058e+08
1.169986e+16 5.763546e-28 2.150000e+07 0.000000e+00 0.000000e+00 2.282795e+08
1.173139e+16 5.786003e-28 2.150000e+07 0.000000e+00 0.000000e+00 2.284535e+08
1.176293e+16 5.808596e-28 2.150000e+07 0.000000e+00 0.000000e+00 2.286278e+08
1.179446e+16 5.831394e-28 2.150000e+07 0.000000e+00 0.000000e+00 2.288024e+08
1.182600e+16 5.854259e-28 2.150000e+07 0.000000e+00 0.000000e+00 2.289774e+08
1.185754e+16 5.877329e-28 2.150000e+07 0.000000e+00 0.000000e+00 2.291527e+08
1.188907e+16 5.900535e-28 2.150000e+07 0.000000e+00 0.000000e+00 2.293283e+08
1.192061e+16 5.923877e-28 2.150000e+07 0.000000e+00 0.000000e+00 2.295042e+08
1.195214e+16 5.947423e-28 2.150000e+07 0.000000e+00 0.000000e+00 2.296805e+08
1.198368e+16 5.971105e-28 2.150000e+07 0.000000e+00 0.000000e+00 2.298571e+08
1.201522e+16 5.994923e-28 2.150000e+07 0.000000e+00 0.000000e+00 2.300340e+08
1.204675e+16 6.018878e-28 2.150000e+07 0.000000e+00 0.000000e+00 2.302113e+08
1.207829e+16 6.043036e-28 2.150000e+07 0.000000e+00 0.000000e+00 2.303889e+08
1.210982e+16 6.067331e-28 2.150000e+07 0.000000e+00 0.000000e+00 2.305668e+08
1.214136e+16 6.091830e-28 2.150000e+07 0.000000e+00 0.000000e+00 2.307450e+08
1.217290e+16 6.116465e-28 2.150000e+07 0.000000e+00 0.000000e+00 2.309236e+08
1.220443e+16 6.141236e-28 2.150000e+07 0.000000e+00 0.000000e+00 2.311026e+08
1.223597e+16 6.166211e-28 2.150000e+07 0.000000e+00 0.000000e+00 2.312818e+08
1.226750e+16 6.191390e-28 2.150000e+07 0.000000e+00 0.000000e+00 2.314614e+08
1.229904e+16 6.216705e-28 2.150000e+07 0.000000e+00 0.000000e+00 2.316414e+08
1.233058e+16 6.242157e-28 2.150000e+07 0.000000e+00 0.000000e+00 2.318217e+08
1.236211e+16 6.267813e-28 2.150000e+07 0.000000e+00 0.000000e+00 2.320023e+08
1.239365e+16 6.293672e-28 2.150000e+07 0.000000e+00 0.000000e+00 2.321833e+08
1.242518e+16 6.319668e-28 2.150000e+07 0.000000e+00 0.000000e+00 2.323646e+08
1.245672e+16 6.345800e-28 2.150000e+07 0.000000e+00 0.000000e+00 2.325463e+08
1.248826e+16 6.372205e-28 2.150000e+07 0.000000e+00 0.000000e+00 2.327284e+08
1.251979e+16 6.398745e-28 2.150000e+07 0.000000e+00 0.000000e+00 2.329108e+08
1.255133e+16 6.425490e-28 2.150000e+07 0.000000e+00 0.000000e+00 2.330935e+08
1.258286e+16 6.452370e-28 2.150000e+07 0.000000e+00 0.000000e+00 2.332766e+08
1.261440e+16 6.479523e-28 2.150000e+07 0.000000e+00 0.000000e+00 2.334600e+08
1.264594e+16 6.506812e-28 2.150000e+07 0.000000e+00 0.000000e+00 2.336439e+08
1.267747e+16 6.534237e-28 2.150000e+07 0.000000e+00 0.000000e+00 2.338280e+08
1.270901e+16 6.561934e-28 2.150000e+07 0.000000e+00 0.000000e+00 2.340126e+08
1.274054e+16 6.589836e-28 2.150000e+07 0.000000e+00 0.000000e+00 2.341975e+08
1.277208e+16 6.617873e-28 2.150000e+07 0.000000e+00 0.000000e+00 2.343827e+08
1.280362e+16 6.646115e-28 2.150000e+07 0.000000e+00 0.000000e+00 2.345683e+08
1.283515e+16 6.674629e-28 2.150000e+07 0.000000e+00 0.000000e+00 2.347543e+08
1.286669e+16 6.703279e-28 2.150000e+07 0.000000e+00 0.000000e+00 2.349407e+08
1.289822e+16 6.732133e-28 2.150000e+07 0.000000e+00 0.000000e+00 2.351274e+08
1.292976e+16 6.761191e-28 2.150000e+07 0.000000e+00 0.000000e+00 2.353146e+08
1.296130e+16 6.790522e-28 2.150000e+07 0.000000e+00 0.000000e+00 2.355020e+08
1.299283e+16 6.820192e-28 2.150000e+07 0.000000e+00 0.000000e+00 2.356899e+08
1.302437e+16 6.849455e-28 2.150000e+07 0.000000e+00 0.000000e+00 2.358781e+08
1.305590e+16 6.879398e-28 2.150000e+07 0.000000e+00 0.000000e+00 2.360668e+08
1.308744e+16 6.910021e-28 2.150000e+07 0.000000e+00 0.000000e+00 2.362557e+08
1.311898e+16 6.939964e-28 2.150000e+07 0.000000e+00 0.000000e+00 2.364451e+08
1.315051e+16 6.970588e-28 2.150000e+07 0.000000e+00 0.000000e+00 2.366349e+08
1.318205e+16 7.001211e-28 2.150000e+07 0.000000e+00 0.000000e+00 2.368250e+08
1.321358e+16 7.032515e-28 2.150000e+07 0.000000e+00 0.000000e+00 2.370156e+08
1.324512e+16 7.063819e-28 2.150000e+07 0.000000e+00 0.000000e+00 2.372065e+08
1.327666e+16 7.095123e-28 2.150000e+07 0.000000e+00 0.000000e+00 2.373978e+08
1.330819e+16 7.127108e-28 2.150000e+07 0.000000e+00 0.000000e+00 2.375895e+08
1.333973e+16 7.159092e-28 2.150000e+07 0.000000e+00 0.000000e+00 2.377816e+08
1.337126e+16 7.191077e-28 2.150000e+07 0.000000e+00 0.000000e+00 2.379741e+08
1.340280e+16 7.223742e-28 2.150000e+07 0.000000e+00 0.000000e+00 2.381670e+08
1.343434e+16 7.256407e-28 2.150000e+07 0.000000e+00 0.000000e+00 2.383603e+08
1.346587e+16 7.289072e-28 2.150000e+07 0.000000e+00 0.000000e+00 2.385540e+08
1.349741e+16 7.322418e-28 2.150000e+07 0.000000e+00 0.000000e+00 2.387481e+08
1.352894e+16 7.355763e-28 2.150000e+07 0.000000e+00 0.000000e+00 2.389427e+08
1.356048e+16 7.389109e-28 2.150000e+07 0.000000e+00 0.000000e+00 2.391376e+08
1.359202e+16 7.423135e-28 2.150000e+07 0.000000e+00 0.000000e+00 2.393329e+08
1.362355e+16 7.457161e-28 2.150000e+07 0.000000e+00 0.000000e+00 2.395286e+08
1.365509e+16 7.491868e-28 2.150000e+07 0.000000e+00 0.000000e+00 2.397248e+08
1.368662e+16 7.526574e-28 2.150000e+07 0.000000e+00 0.000000e+00 2.399214e+08
1.371816e+16 7.561281e-28 2.150000e+07 0.000000e+00 0.000000e+00 2.401183e+08
1.374970e+16 7.596668e-28 2.150000e+07 0.000000e+00 0.000000e+00 2.403157e+08
1.378123e+16 7.632055e-28 2.150000e+07 0.000000e+00 0.000000e+00 2.405136e+08
1.381277e+16 7.667442e-28 2.150000e+07 0.000000e+00 0.000000e+00 2.407118e+08
1.384430e+16 7.703510e-28 2.150000e+07 0.000000e+00 0.000000e+00 2.409105e+08
1.387584e+16 7.740258e-28 2.150000e+07 0.000000e+00 0.000000e+00 2.411096e+08
1.390738e+16 7.776326e-28 2.150000e+07 0.000000e+00 0.000000e+00 2.413091e+08
1.393891e+16 7.813074e-28 2.150000e+07 0.000000e+00 0.000000e+00 2.415090e+08
1.397045e+16 7.850503e-28 2.150000e+07 0.000000e+00 0.000000e+00 2.417094e+08
1.400198e+16 7.887932e-28 2.150000e+07 0.000000e+00 0.000000e+00 2.419102e+08
1.403352e+16 7.925360e-28 2.150000e+07 0.000000e+00 0.000000e+00 2.421115e+08
1.406506e+16 7.963470e-28 2.150000e+07 0.000000e+00 0.000000e+00 2.423132e+08
1.409659e+16 8.002259e-28 2.150000e+07 0.000000e+00 0.000000e+00 2.425153e+08
1.412813e+16 8.040369e-28 2.150000e+07 0.000000e+00 0.000000e+00 2.427179e+08
1.415966e+16 8.079839e-28 2.150000e+07 0.000000e+00 0.000000e+00 2.429209e+08
1.419120e+16 8.118629e-28 2.150000e+07 0.000000e+00 0.000000e+00 2.431244e+08
1.422274e+16 8.158099e-28 2.150000e+07 0.000000e+00 0.000000e+00 2.433283e+08
1.425427e+16 8.198250e-28 2.150000e+07 0.000000e+00 0.000000e+00 2.435326e+08
1.428581e+16 8.238400e-28 2.150000e+07 0.000000e+00 0.000000e+00 2.437375e+08
1.431734e+16 8.279232e-28 2.150000e+07 0.000000e+00 0.000000e+00 2.439427e+08
1.434888e+16 8.320063e-28 2.150000e+07 0.000000e+00 0.000000e+00 2.441485e+08
1.438042e+16 8.360894e-28 2.150000e+07 0.000000e+00 0.000000e+00 2.443547e+08
1.441195e+16 8.402406e-28 2.150000e+07 0.000000e+00 0.000000e+00 2.445613e+08
1.444349e+16 8.443918e-28 2.150000e+07 0.000000e+00 0.000000e+00 2.447684e+08
1.447502e+16 8.486111e-28 2.150000e+07 0.000000e+00 0.000000e+00 2.449760e+08
1.450656e+16 8.528983e-28 2.150000e+07 0.000000e+00 0.000000e+00 2.451840e+08
1.453810e+16 8.571856e-28 2.150000e+07 0.000000e+00 0.000000e+00 2.453926e+08
1.456963e+16 8.614729e-28 2.150000e+07 0.000000e+00 0.000000e+00 2.456016e+08
1.460117e+16 8.658283e-28 2.150000e+07 0.000000e+00 0.000000e+00 2.458110e+08
1.463270e+16 8.702517e-28 2.150000e+07 0.000000e+00 0.000000e+00 2.460210e+08
1.466424e+16 8.746750e-28 2.150000e+07 0.000000e+00 0.000000e+00 2.462314e+08
1.469578e+16 8.791665e-28 2.150000e+07 0.000000e+00 0.000000e+00 2.464423e+08
1.472731e+16 8.836579e-28 2.150000e+07 0.000000e+00 0.000000e+00 2.466537e+08
1.475885e+16 8.881494e-28 2.150000e+07 0.000000e+00 0.000000e+00 2.468656e+08
1.479038e+16 8.927769e-28 2.150000e+07 0.000000e+00 0.000000e+00 2.470779e+08
1.482192e+16 8.974045e-28 2.150000e+07 0.000000e+00 0.000000e+00 2.472908e+08
1.485346e+16 9.020320e-28 2.150000e+07 0.000000e+00 0.000000e+00 2.475042e+08
1.488499e+16 9.067276e-28 2.150000e+07 0.000000e+00 0.000000e+00 2.477180e+08
1.491653e+16 9.114913e-28 2.150000e+07 0.000000e+00 0.000000e+00 2.479324e+08
1.494806e+16 9.162549e-28 2.150000e+07 0.000000e+00 0.000000e+00 2.481472e+08
1.497960e+16 9.210186e-28 2.150000e+07 0.000000e+00 0.000000e+00 2.483626e+08
1.501114e+16 9.259184e-28 2.150000e+07 0.000000e+00 0.000000e+00 2.485784e+08
1.504267e+16 9.308181e-28 2.150000e+07 0.000000e+00 0.000000e+00 2.487948e+08
1.507421e+16 9.357179e-28 2.150000e+07 0.000000e+00 0.000000e+00 2.490117e+08
1.510574e+16 9.407537e-28 2.150000e+07 0.000000e+00 0.000000e+00 2.492291e+08
1.513728e+16 9.457216e-28 2.150000e+07 0.000000e+00 0.000000e+00 2.494470e+08
1.516882e+16 9.508255e-28 2.150000e+07 0.000000e+00 0.000000e+00 2.496654e+08
1.520035e+16 9.559294e-28 2.150000e+07 0.000000e+00 0.000000e+00 2.498844e+08
1.523189e+16 9.611014e-28 2.150000e+07 0.000000e+00 0.000000e+00 2.501038e+08
1.526342e+16 9.662733e-28 2.150000e+07 0.000000e+00 0.000000e+00 2.503238e+08
1.529496e+16 9.715133e-28 2.150000e+07 0.000000e+00 0.000000e+00 2.505444e+08
1.532650e+16 9.768214e-28 2.150000e+07 0.000000e+00 0.000000e+00 2.507655e+08
1.535803e+16 9.821975e-28 2.150000e+07 0.000000e+00 0.000000e+00 2.509871e+08
1.538957e+16 9.875737e-28 2.150000e+07 0.000000e+00 0.000000e+00 2.512092e+08
1.542110e+16 9.930178e-28 2.150000e+07 0.000000e+00 0.000000e+00 2.514319e+08
1.545264e+16 9.984620e-28 2.150000e+07 0.000000e+00 0.000000e+00 2.516551e+08
1.548418e+16 1.004042e-27 2.150000e+07 0.000000e+00 0.000000e+00 2.518789e+08
1.551571e+16 1.009623e-27 2.150000e+07 0.000000e+00 0.000000e+00 2.521032e+08
1.554725e+16 1.015203e-27 2.150000e+07 0.000000e+00 0.000000e+00 2.523281e+08
1.557878e+16 1.020919e-27 2.150000e+07 0.000000e+00 0.000000e+00 2.525535e+08
1.561032e+16 1.026636e-27 2.150000e+07 0.000000e+00 0.000000e+00 2.527795e+08
1.564186e+16 1.032420e-27 2.150000e+07 0.000000e+00 0.000000e+00 2.530061e+08
1.567339e+16 1.038273e-27 2.150000e+07 0.000000e+00 0.000000e+00 2.532332e+08
1.570493e+16 1.044193e-27 2.150000e+07 0.000000e+00 0.000000e+00 2.534609e+08
1.573646e+16 1.050114e-27 2.150000e+07 0.000000e+00 0.000000e+00 2.536891e+08
1.576800e+16 1.056102e-27 2.150000e+07 0.000000e+00 0.000000e+00 2.539179e+08
1.579954e+16 1.062159e-27 2.150000e+07 0.000000e+00 0.000000e+00 2.541473e+08
1.583107e+16 1.068284e-27 2.150000e+07 0.000000e+00 0.000000e+00 2.543773e+08
1.586261e+16 1.074476e-27 2.150000e+07 0.000000e+00 0.000000e+00 2.546079e+08
1.589414e+16 1.080669e-27 2.150000e+07 0.000000e+00 0.000000e+00 2.548390e+08
1.592568e+16 1.086930e-27 2.150000e+07 0.000000e+00 0.000000e+00 2.550708e+08
1.595722e+16 1.093327e-27 2.150000e+07 0.000000e+00 0.000000e+00 2.553031e+08
1.598875e+16 1.099724e-27 2.150000e+07 0.000000e+00 0.000000e+00 2.555360e+08
1.602029e+16 1.106189e-27 2.150000e+07 0.000000e+00 0.000000e+00 2.557695e+08
1.605182e+16 1.112654e-27 2.150000e+07 0.000000e+00 0.000000e+00 2.560037e+08
1.608336e+16 1.119255e-27 2.150000e+07 0.000000e+00 0.000000e+00 2.562384e+08
1.611490e+16 1.125924e-27 2.150000e+07 0.000000e+00 0.000000e+00 2.564737e+08
1.614643e+16 1.132661e-27 2.150000e+07 0.000000e+00 0.000000e+00 2.567097e+08
1.617797e+16 1.139398e-27 2.150000e+07 0.000000e+00 0.000000e+00 2.569462e+08
1.620950e+16 1.146271e-27 2.150000e+07 0.000000e+00 0.000000e+00 2.571834e+08
1.624104e+16 1.153145e-27 2.150000e+07 0.000000e+00 0.000000e+00 2.574212e+08
1.627258e+16 1.160154e-27 2.150000e+07 0.000000e+00 0.000000e+00 2.576597e+08
1.630411e+16 1.167163e-27 2.150000e+07 0.000000e+00 0.000000e+00 2.578987e+08
1.633565e+16 1.174241e-27 2.150000e+07 0.000000e+00 0.000000e+00 2.581384e+08
1.636718e+16 1.181454e-27 2.150000e+07 0.000000e+00 0.000000e+00 2.583787e+08
1.639872e+16 1.188668e-27 2.150000e+07 0.000000e+00 0.000000e+00 2.586197e+08
1.643026e+16 1.196018e-27 2.150000e+07 0.000000e+00 0.000000e+00 2.588613e+08
1.646179e+16 1.203435e-27 2.150000e+07 0.000000e+00 0.000000e+00 2.591036e+08
1.649333e+16 1.210853e-27 2.150000e+07 0.000000e+00 0.000000e+00 2.593465e+08
1.652486e+16 1.218407e-27 2.150000e+07 0.000000e+00 0.000000e+00 2.595900e+08
1.655640e+16 1.226029e-27 2.150000e+07 0.000000e+00 0.000000e+00 2.598342e+08
1.658794e+16 1.233719e-27 2.150000e+07 0.000000e+00 0.000000e+00 2.600791e+08
1.661947e+16 1.241476e-27 2.150000e+07 0.000000e+00 0.000000e+00 2.603247e+08
1.665101e+16 1.249302e-27 2.150000e+07 0.000000e+00 0.000000e+00 2.605709e+08
1.668254e+16 1.257265e-27 2.150000e+07 0.000000e+00 0.000000e+00 2.608178e+08
1.671408e+16 1.265227e-27 2.150000e+07 0.000000e+00 0.000000e+00 2.610653e+08
1.674562e+16 1.273325e-27 2.150000e+07 0.000000e+00 0.000000e+00 2.613136e+08
1.677715e+16 1.281491e-27 2.150000e+07 0.000000e+00 0.000000e+00 2.615625e+08
1.680869e+16 1.289794e-27 2.150000e+07 0.000000e+00 0.000000e+00 2.618121e+08
1.684022e+16 1.298096e-27 2.150000e+07 0.000000e+00 0.000000e+00 2.620625e+08
1.687176e+16 1.306534e-27 2.150000e+07 0.000000e+00 0.000000e+00 2.623135e+08
1.690330e+16 1.315041e-27 2.150000e+07 0.000000e+00 0.000000e+00 2.625652e+08
1.693483e+16 1.323615e-27 2.150000e+07 0.000000e+00 0.000000e+00 2.628176e+08
1.696637e+16 1.332326e-27 2.150000e+07 0.000000e+00 0.000000e+00 2.630708e+08
1.699790e+16 1.341105e-27 2.150000e+07 0.000000e+00 0.000000e+00 2.633246e+08
1.702944e+16 1.349952e-27 2.150000e+07 0.000000e+00 0.000000e+00 2.635792e+08
1.706098e+16 1.358935e-27 2.150000e+07 0.000000e+00 0.000000e+00 2.638345e+08
1.709251e+16 1.367986e-27 2.150000e+07 0.000000e+00 0.000000e+00 2.640905e+08
1.712405e+16 1.377105e-27 2.150000e+07 0.000000e+00 0.000000e+00 2.643472e+08
1.715558e+16 1.386360e-27 2.150000e+07 0.000000e+00 0.000000e+00 2.646047e+08
1.718712e+16 1.395751e-27 2.150000e+07 0.000000e+00 0.000000e+00 2.648629e+08
1.721866e+16 1.405210e-27 2.150000e+07 0.000000e+00 0.000000e+00 2.651219e+08
1.725019e+16 1.414737e-27 2.150000e+07 0.000000e+00 0.000000e+00 2.653817e+08
1.728173e+16 1.424401e-27 2.150000e+07 0.000000e+00 0.000000e+00 2.656421e+08
1.731326e+16 1.434132e-27 2.150000e+07 0.000000e+00 0.000000e+00 2.659034e+08
1.734480e+16 1.444000e-27 2.150000e+07 0.000000e+00 0.000000e+00 2.661654e+08
1.737634e+16 1.454004e-27 2.150000e+07 0.000000e+00 0.000000e+00 2.664282e+08
1.740787e+16 1.464075e-27 2.150000e+07 0.000000e+00 0.000000e+00 2.666917e+08
1.743941e+16 1.474283e-27 2.150000e+07 0.000000e+00 0.000000e+00 2.669561e+08
1.747094e+16 1.484559e-27 2.150000e+07 0.000000e+00 0.000000e+00 2.672212e+08
1.750248e+16 1.494971e-27 2.150000e+07 0.000000e+00 0.000000e+00 2.674871e+08
1.753402e+16 1.505519e-27 2.150000e+07 0.000000e+00 0.000000e+00 2.677538e+08
1.756555e+16 1.516135e-27 2.150000e+07 0.000000e+00 0.000000e+00 2.680213e+08
1.759709e+16 1.526955e-27 2.150000e+07 0.000000e+00 0.000000e+00 2.682897e+08
1.762862e+16 1.537844e-27 2.150000e+07 0.000000e+00 0.000000e+00 2.685588e+08
1.766016e+16 1.548800e-27 2.150000e+07 0.000000e+00 0.000000e+00 2.688287e+08
1.769170e+16 1.559961e-27 2.150000e+07 0.000000e+00 0.000000e+00 2.690995e+08
1.772323e+16 1.571257e-27 2.150000e+07 0.000000e+00 0.000000e+00 2.693711e+08
1.775477e+16 1.582622e-27 2.150000e+07 0.000000e+00 0.000000e+00 2.696436e+08
1.778630e+16 1.594123e-27 2.150000e+07 0.000000e+00 0.000000e+00 2.699168e+08
1.781784e+16 1.605828e-27 2.150000e+07 0.000000e+00 0.000000e+00 2.701910e+08
1.784938e+16 1.617601e-27 2.150000e+07 0.000000e+00 0.000000e+00 2.704660e+08
1.788091e+16 1.629510e-27 2.150000e+07 0.000000e+00 0.000000e+00 2.707418e+08
1.791245e+16 1.641555e-27 2.150000e+07 0.000000e+00 0.000000e+00 2.710185e+08
1.794398e+16 1.653805e-27 2.150000e+07 0.000000e+00 0.000000e+00 2.712961e+08
1.797552e+16 1.666122e-27 2.150000e+07 0.000000e+00 0.000000e+00 2.715745e+08
1.800706e+16 1.678644e-27 2.150000e+07 0.000000e+00 0.000000e+00 2.718539e+08
1.803859e+16 1.691234e-27 2.150000e+07 0.000000e+00 0.000000e+00 2.721341e+08
1.807013e+16 1.704027e-27 2.150000e+07 0.000000e+00 0.000000e+00 2.724152e+08
1.810166e+16 1.717025e-27 2.150000e+07 0.000000e+00 0.000000e+00 2.726972e+08
1.813320e+16 1.730091e-27 2.150000e+07 0.000000e+00 0.000000e+00 2.729802e+08
1.816474e+16 1.743362e-27 2.150000e+07 0.000000e+00 0.000000e+00 2.732640e+08
1.819627e+16 1.756768e-27 2.150000e+07 0.000000e+00 0.000000e+00 2.735488e+08
1.822781e+16 1.770310e-27 2.150000e+07 0.000000e+00 0.000000e+00 2.738345e+08
1.825934e+16 1.784057e-27 2.150000e+07 0.000000e+00 0.000000e+00 2.741212e+08
1.829088e+16 1.798007e-27 2.150000e+07 0.000000e+00 0.000000e+00 2.744088e+08
1.832242e+16 1.812094e-27 2.150000e+07 0.000000e+00 0.000000e+00 2.746973e+08
1.835395e+16 1.826317e-27 2.150000e+07 0.000000e+00 0.000000e+00 2.749868e+08
1.838549e+16 1.840744e-27 2.150000e+07 0.000000e+00 0.000000e+00 2.752773e+08
1.841702e+16 1.855375e-27 2.150000e+07 0.000000e+00 0.000000e+00 2.755688e+08
1.844856e+16 1.870143e-27 2.150000e+07 0.000000e+00 0.000000e+00 2.758612e+08
1.848010e+16 1.885114e-27 2.150000e+07 0.000000e+00 0.000000e+00 2.761546e+08
1.851163e+16 1.900290e-27 2.150000e+07 0.000000e+00 0.000000e+00 2.764491e+08
1.854317e+16 1.915670e-27 2.150000e+07 0.000000e+00 0.000000e+00 2.767445e+08
1.857470e+16 1.931186e-27 2.150000e+07 0.000000e+00 0.000000e+00 2.770410e+08
1.860624e+16 1.946906e-27 2.150000e+07 0.000000e+00 0.000000e+00 2.773385e+08
1.863778e+16 1.962898e-27 2.150000e+07 0.000000e+00 0.000000e+00 2.776370e+08
1.866931e+16 1.979026e-27 2.150000e+07 0.000000e+00 0.000000e+00 2.779366e+08
1.870085e+16 1.995427e-27 2.150000e+07 0.000000e+00 0.000000e+00 2.782372e+08
1.873238e+16 2.011964e-27 2.150000e+07 0.000000e+00 0.000000e+00 2.785389e+08
1.876392e+16 2.028772e-27 2.150000e+07 0.000000e+00 0.000000e+00 2.788417e+08
1.879546e+16 2.045786e-27 2.150000e+07 0.000000e+00 0.000000e+00 2.791455e+08
1.882699e+16 2.063003e-27 2.150000e+07 0.000000e+00 0.000000e+00 2.794505e+08
1.885853e+16 2.080424e-27 2.150000e+07 0.000000e+00 0.000000e+00 2.797565e+08
1.889006e+16 2.098118e-27 2.150000e+07 0.000000e+00 0.000000e+00 2.800637e+08
1.892160e+16 2.116083e-27 2.150000e+07 0.000000e+00 0.000000e+00 2.803720e+08
1.895314e+16 2.134253e-27 2.150000e+07 0.000000e+00 0.000000e+00 2.806814e+08
1.898467e+16 2.152627e-27 2.150000e+07 0.000000e+00 0.000000e+00 2.809920e+08
1.901621e+16 2.171274e-27 2.150000e+07 0.000000e+00 0.000000e+00 2.813037e+08
1.904774e+16 2.190192e-27 2.150000e+07 0.000000e+00 0.000000e+00 2.816166e+08
1.907928e+16 2.209383e-27 2.150000e+07 0.000000e+00 0.000000e+00 2.819307e+08
1.911082e+16 2.228778e-27 2.150000e+07 0.000000e+00 0.000000e+00 2.822460e+08
1.914235e+16 2.248513e-27 2.150000e+07 0.000000e+00 0.000000e+00 2.825624e+08
1.917389e+16 2.268452e-27 2.150000e+07 0.000000e+00 0.000000e+00 2.828802e+08
1.920542e+16 2.288732e-27 2.150000e+07 0.000000e+00 0.000000e+00 2.831991e+08
1.923696e+16 2.309216e-27 2.150000e+07 0.000000e+00 0.000000e+00 2.835193e+08
1.926850e+16 2.330040e-27 2.150000e+07 0.000000e+00 0.000000e+00 2.838407e+08
1.930003e+16 2.351136e-27 2.150000e+07 0.000000e+00 0.000000e+00 2.841634e+08
1.933157e+16 2.372572e-27 2.150000e+07 0.000000e+00 0.000000e+00 2.844874e+08
1.936310e+16 2.394281e-27 2.150000e+07 0.000000e+00 0.000000e+00 2.848127e+08
1.939464e+16 2.416330e-27 2.150000e+07 0.000000e+00 0.000000e+00 2.851394e+08
1.942618e+16 2.438651e-27 2.150000e+07 0.000000e+00 0.000000e+00 2.854673e+08
1.945771e+16 2.461312e-27 2.150000e+07 0.000000e+00 0.000000e+00 2.857966e+08
1.948925e+16 2.484314e-27 2.150000e+07 0.000000e+00 0.000000e+00 2.861273e+08
1.952078e+16 2.507656e-27 2.150000e+07 0.000000e+00 0.000000e+00 2.864594e+08
1.955232e+16 2.531338e-27 2.150000e+07 0.000000e+00 0.000000e+00 2.867928e+08
1.958386e+16 2.555360e-27 2.150000e+07 0.000000e+00 0.000000e+00 2.871277e+08
1.961539e+16 2.579723e-27 2.150000e+07 0.000000e+00 0.000000e+00 2.874640e+08
1.964693e+16 2.604494e-27 2.150000e+07 0.000000e+00 0.000000e+00 2.878018e+08
1.967846e+16 2.629605e-27 2.150000e+07 0.000000e+00 0.000000e+00 2.881410e+08
1.971000e+16 2.655125e-27 2.150000e+07 0.000000e+00 0.000000e+00 2.884817e+08
1.974154e+16 2.680985e-27 2.150000e+07 0.000000e+00 0.000000e+00 2.888240e+08
1.977307e+16 2.707253e-27 2.150000e+07 0.000000e+00 0.000000e+00 2.891678e+08
1.980461e+16 2.733929e-27 2.150000e+07 0.000000e+00 0.000000e+00 2.895131e+08
1.983614e+16 2.761082e-27 2.150000e+07 0.000000e+00 0.000000e+00 2.898600e+08
1.986768e+16 2.788575e-27 2.150000e+07 0.000000e+00 0.000000e+00 2.902085e+08
1.989922e+16 2.816545e-27 2.150000e+07 0.000000e+00 0.000000e+00 2.905587e+08
1.993075e+16 2.844923e-27 2.150000e+07 0.000000e+00 0.000000e+00 2.909105e+08
1.996229e+16 2.873777e-27 2.150000e+07 0.000000e+00 0.000000e+00 2.912639e+08
1.999382e+16 2.903107e-27 2.150000e+07 0.000000e+00 0.000000e+00 2.916191e+08
2.002536e+16 2.932846e-27 2.150000e+07 0.000000e+00 0.000000e+00 2.919760e+08
2.005690e+16 2.963129e-27 2.150000e+07 0.000000e+00 0.000000e+00 2.923347e+08
2.008843e+16 2.993889e-27 2.150000e+07 0.000000e+00 0.000000e+00 2.926951e+08
2.011997e+16 3.025125e-27 2.150000e+07 0.000000e+00 0.000000e+00 2.930573e+08
2.015150e+16 3.056905e-27 2.150000e+07 0.000000e+00 0.000000e+00 2.934214e+08
2.018304e+16 3.089162e-27 2.150000e+07 0.000000e+00 0.000000e+00 2.937874e+08
2.021458e+16 3.121963e-27 2.150000e+07 0.000000e+00 0.000000e+00 2.941553e+08
2.024611e+16 3.155377e-27 2.150000e+07 0.000000e+00 0.000000e+00 2.945251e+08
2.027765e+16 3.189335e-27 2.150000e+07 0.000000e+00 0.000000e+00 2.948969e+08
2.030918e+16 3.223837e-27 2.150000e+07 0.000000e+00 0.000000e+00 2.952707e+08
2.034072e+16 3.258952e-27 2.150000e+07 0.000000e+00 0.000000e+00 2.956465e+08
2.037226e+16 3.294680e-27 2.150000e+07 0.000000e+00 0.000000e+00 2.960245e+08
2.040379e+16 3.331020e-27 2.150000e+07 0.000000e+00 0.000000e+00 2.964045e+08
2.043533e+16 3.368040e-27 2.150000e+07 0.000000e+00 0.000000e+00 2.967868e+08
2.046686e+16 3.405673e-27 2.150000e+07 0.000000e+00 0.000000e+00 2.971712e+08
2.049840e+16 3.443986e-27 2.150000e+07 0.000000e+00 0.000000e+00 2.975579e+08
2.052994e+16 3.482980e-27 2.150000e+07 0.000000e+00 0.000000e+00 2.979469e+08
2.056147e+16 3.522723e-27 2.150000e+07 0.000000e+00 0.000000e+00 2.983383e+08
2.059301e+16 3.563146e-27 2.150000e+07 0.000000e+00 0.000000e+00 2.987320e+08
2.062454e+16 3.604317e-27 2.150000e+07 0.000000e+00 0.000000e+00 2.991282e+08
2.065608e+16 3.646237e-27 2.150000e+07 0.000000e+00 0.000000e+00 2.995269e+08
2.068762e+16 3.688974e-27 2.150000e+07 0.000000e+00 0.000000e+00 2.999281e+08
2.071915e+16 3.732460e-27 2.150000e+07 0.000000e+00 0.000000e+00 3.003320e+08
2.075069e+16 3.776830e-27 2.150000e+07 0.000000e+00 0.000000e+00 3.007385e+08
2.078222e+16 3.822016e-27 2.150000e+07 0.000000e+00 0.000000e+00 3.011478e+08
2.081376e+16 3.868088e-27 2.150000e+07 0.000000e+00 0.000000e+00 3.015598e+08
2.084530e+16 3.915112e-27 2.150000e+07 0.000000e+00 0.000000e+00 3.019747e+08
2.087683e+16 3.963020e-27 2.150000e+07 0.000000e+00 0.000000e+00 3.023926e+08
2.090837e+16 4.011882e-27 2.150000e+07 0.000000e+00 0.000000e+00 3.028134e+08
2.093990e+16 4.061696e-27 2.150000e+07 0.000000e+00 0.000000e+00 3.032374e+08
2.097144e+16 4.112531e-27 2.150000e+07 0.000000e+00 0.000000e+00 3.036644e+08
2.100298e+16 4.164455e-27 2.150000e+07 0.000000e+00 0.000000e+00 3.040947e+08
2.103451e+16 4.217400e-27 2.150000e+07 0.000000e+00 0.000000e+00 3.045284e+08
2.106605e+16 4.271433e-27 2.150000e+07 0.000000e+00 0.000000e+00 3.049654e+08
2.109758e+16 4.326691e-27 2.150000e+07 0.000000e+00 0.000000e+00 3.054059e+08
2.112912e+16 4.383039e-27 2.150000e+07 0.000000e+00 0.000000e+00 3.058500e+08
2.116066e+16 4.440611e-27 2.150000e+07 0.000000e+00 0.000000e+00 3.062977e+08
2.119219e+16 4.499476e-27 2.150000e+07 0.000000e+00 0.000000e+00 3.067493e+08
2.122373e+16 4.559634e-27 2.150000e+07 0.000000e+00 0.000000e+00 3.072047e+08
2.125526e+16 4.621085e-27 2.150000e+07 0.000000e+00 0.000000e+00 3.076641e+08
2.128680e+16 4.683966e-27 2.150000e+07 0.000000e+00 0.000000e+00 3.081276e+08
2.131834e+16 4.748275e-27 2.150000e+07 0.000000e+00 0.000000e+00 3.085954e+08
2.134987e+16 4.814081e-27 2.150000e+07 0.000000e+00 0.000000e+00 3.090674e+08
2.138141e+16 4.881385e-27 2.150000e+07 0.000000e+00 0.000000e+00 3.095440e+08
2.141294e+16 4.950254e-27 2.150000e+07 0.000000e+00 0.000000e+00 3.100251e+08
2.144448e+16 5.020824e-27 2.150000e+07 0.000000e+00 0.000000e+00 3.105110e+08
2.147602e+16 5.093095e-27 2.150000e+07 0.000000e+00 0.000000e+00 3.110018e+08
2.150755e+16 5.167068e-27 2.150000e+07 0.000000e+00 0.000000e+00 3.114976e+08
2.153909e+16 5.242946e-27 2.150000e+07 0.000000e+00 0.000000e+00 3.119986e+08
2.157062e+16 5.320730e-27 2.150000e+07 0.000000e+00 0.000000e+00 3.125049e+08
2.160216e+16 5.400487e-27 2.150000e+07 0.000000e+00 0.000000e+00 3.130167e+08
2.163370e+16 5.482286e-27 2.150000e+07 0.000000e+00 0.000000e+00 3.135342e+08
2.166523e+16 5.566194e-27 2.150000e+07 0.000000e+00 0.000000e+00 3.140576e+08
2.169677e+16 5.652348e-27 2.150000e+07 0.000000e+00 0.000000e+00 3.145870e+08
2.172830e+16 5.740884e-27 2.150000e+07 0.000000e+00 0.000000e+00 3.151226e+08
2.175984e+16 5.831802e-27 2.150000e+07 0.000000e+00 0.000000e+00 3.156647e+08
2.179138e+16 5.925238e-27 2.150000e+07 0.000000e+00 0.000000e+00 3.162135e+08
2.182291e+16 6.021259e-27 2.150000e+07 0.000000e+00 0.000000e+00 3.167691e+08
2.185445e+16 6.120071e-27 2.150000e+07 0.000000e+00 0.000000e+00 3.173318e+08
2.188598e+16 6.221741e-27 2.150000e+07 0.000000e+00 0.000000e+00 3.179018e+08
2.191752e+16 6.326406e-27 2.150000e+07 0.000000e+00 0.000000e+00 3.184794e+08
2.194906e+16 6.434268e-27 2.150000e+07 0.000000e+00 0.000000e+00 3.190649e+08
2.198059e+16 6.545330e-27 2.150000e+07 0.000000e+00 0.000000e+00 3.196584e+08
2.201213e+16 6.659861e-27 2.150000e+07 0.000000e+00 0.000000e+00 3.202603e+08
2.204366e+16 6.778000e-27 2.150000e+07 0.000000e+00 0.000000e+00 3.208708e+08
2.207520e+16 6.899814e-27 2.150000e+07 0.000000e+00 0.000000e+00 3.214902e+08
2.210674e+16 7.025710e-27 2.150000e+07 0.000000e+00 0.000000e+00 3.221189e+08
2.213827e+16 7.155690e-27 2.150000e+07 0.000000e+00 0.000000e+00 3.227572e+08
2.216981e+16 7.290433e-27 2.150000e+07 0.000000e+00 0.000000e+00 3.234053e+08
2.220134e+16 7.429260e-27 2.150000e+07 0.000000e+00 0.000000e+00 3.240637e+08
2.223288e+16 7.573530e-27 2.150000e+07 0.000000e+00 0.000000e+00 3.247326e+08
2.226442e+16 7.722565e-27 2.150000e+07 0.000000e+00 0.000000e+00 3.254124e+08
2.229595e+16 7.877043e-27 2.150000e+07 0.000000e+00 0.000000e+00 3.261035e+08
2.232749e+16 8.036966e-27 2.150000e+07 0.000000e+00 0.000000e+00 3.268064e+08
2.235902e+16 8.203013e-27 2.150000e+07 0.000000e+00 0.000000e+00 3.275213e+08
2.239056e+16 8.375866e-27 2.150000e+07 0.000000e+00 0.000000e+00 3.282487e+08
2.242210e+16 8.554843e-27 2.150000e+07 0.000000e+00 0.000000e+00 3.289890e+08
2.245363e+16 8.741306e-27 2.150000e+07 0.000000e+00 0.000000e+00 3.297427e+08
2.248517e+16 8.935255e-27 2.150000e+07 0.000000e+00 0.000000e+00 3.305102e+08
2.251670e+16 9.137370e-27 2.150000e+07 0.000000e+00 0.000000e+00 3.312920e+08
2.254824e+16 9.348332e-27 2.150000e+07 0.000000e+00 0.000000e+00 3.320886e+08
2.257978e+16 9.568141e-27 2.150000e+07 0.000000e+00 0.000000e+00 3.329004e+08
2.261131e+16 9.797477e-27 2.150000e+07 0.000000e+00 0.000000e+00 3.337280e+08
2.264285e+16 1.003770e-26 2.150000e+07 0.000000e+00 0.000000e+00 3.345718e+08
2.267438e+16 1.028881e-26 2.150000e+07 0.000000e+00 0.000000e+00 3.354326e+08
2.270592e+16 1.055150e-26 2.150000e+07 0.000000e+00 0.000000e+00 3.363106e+08
2.273746e+16 1.082643e-26 2.150000e+07 0.000000e+00 0.000000e+00 3.372067e+08
2.276899e+16 1.111565e-26 2.150000e+07 0.000000e+00 0.000000e+00 3.381212e+08
2.280053e+16 1.141916e-26 2.150000e+07 0.000000e+00 0.000000e+00 3.390549e+08
2.283206e+16 1.173833e-26 2.150000e+07 0.000000e+00 0.000000e+00 3.400083e+08
2.286360e+16 1.207382e-26 2.150000e+07 0.000000e+00 0.000000e+00 3.409820e+08
2.289514e+16 1.242769e-26 2.150000e+07 0.000000e+00 0.000000e+00 3.419767e+08
2.292667e+16 1.280062e-26 2.150000e+07 0.000000e+00 0.000000e+00 3.429929e+08
2.295821e+16 1.319464e-26 2.150000e+07 0.000000e+00 0.000000e+00 3.440314e+08
2.298974e+16 1.361112e-26 2.150000e+07 0.000000e+00 0.000000e+00 3.450927e+08
2.302128e+16 1.405210e-26 2.150000e+07 0.000000e+00 0.000000e+00 3.461776e+08
2.305282e+16 1.451894e-26 2.150000e+07 0.000000e+00 0.000000e+00 3.472865e+08
2.308435e+16 1.501436e-26 2.150000e+07 0.000000e+00 0.000000e+00 3.484203e+08
2.311589e+16 1.554108e-26 2.150000e+07 0.000000e+00 0.000000e+00 3.495794e+08
2.314742e+16 1.610115e-26 2.150000e+07 0.000000e+00 0.000000e+00 3.507646e+08
2.317896e+16 1.669729e-26 2.150000e+07 0.000000e+00 0.000000e+00 3.519762e+08
2.321050e+16 1.733290e-26 2.150000e+07 0.000000e+00 0.000000e+00 3.532150e+08
2.324203e+16 1.801138e-26 2.150000e+07 0.000000e+00 0.000000e+00 3.544814e+08
2.327357e+16 1.873681e-26 2.150000e+07 0.000000e+00 0.000000e+00 3.557757e+08
2.330510e+16 1.951329e-26 2.150000e+07 0.000000e+00 0.000000e+00 3.570983e+08
2.333664e+16 2.034421e-26 2.150000e+07 0.000000e+00 0.000000e+00 3.584493e+08
2.336818e+16 2.123569e-26 2.150000e+07 0.000000e+00 0.000000e+00 3.598290e+08
2.339971e+16 2.219251e-26 2.150000e+07 0.000000e+00 0.000000e+00 3.612370e+08
2.343125e+16 2.321941e-26 2.150000e+07 0.000000e+00 0.000000e+00 3.626732e+08
2.346278e+16 2.432322e-26 2.150000e+07 0.000000e+00 0.000000e+00 3.641368e+08
2.349432e+16 2.551073e-26 2.150000e+07 0.000000e+00 0.000000e+00 3.656268e+08
2.352586e+16 2.678671e-26 2.150000e+07 0.000000e+00 0.000000e+00 3.671419e+08
2.355739e+16 2.815796e-26 2.150000e+07 0.000000e+00 0.000000e+00 3.686801e+08
2.358893e+16 2.963129e-26 2.150000e+07 0.000000e+00 0.000000e+00 3.702389e+08
2.362046e+16 3.121283e-26 2.150000e+07 0.000000e+00 0.000000e+00 3.718148e+08
2.365200e+16 3.290528e-26 2.150000e+07 0.000000e+00 0.000000e+00 3.734036e+08
2.368354e+16 3.471411e-26 2.150000e+07 0.000000e+00 0.000000e+00 3.749999e+08
2.371507e+16 3.663795e-26 2.150000e+07 0.000000e+00 0.000000e+00 3.765969e+08
2.374661e+16 3.867543e-26 2.150000e+07 0.000000e+00 0.000000e+00 3.781863e+08
2.377814e+16 4.081908e-26 2.150000e+07 0.000000e+00 0.000000e+00 3.797583e+08
2.380968e+16 4.305459e-26 2.150000e+07 0.000000e+00 0.000000e+00 3.813007e+08
2.384122e+16 4.536224e-26 2.150000e+07 0.000000e+00 0.000000e+00 3.827995e+08
2.387275e+16 4.771004e-26 2.150000e+07 0.000000e+00 0.000000e+00 3.842384e+08
2.390429e+16 5.005716e-26 2.150000e+07 0.000000e+00 0.000000e+00 3.855990e+08
2.393582e+16 5.235188e-26 2.150000e+07 0.000000e+00 0.000000e+00 3.868611e+08
2.396736e+16 5.453024e-26 2.150000e+07 0.000000e+00 0.000000e+00 3.880028e+08
2.399890e+16 5.652076e-26 2.150000e+07 0.000000e+00 0.000000e+00 3.890019e+08
2.403043e+16 5.824589e-26 2.150000e+07 0.000000e+00 0.000000e+00 3.898363e+08
2.406197e+16 5.963075e-26 2.150000e+07 0.000000e+00 0.000000e+00 3.904861e+08
2.409350e+16 6.060662e-26 2.150000e+07 0.000000e+00 0.000000e+00 3.909342e+08
2.412504e+16 6.112381e-26 2.150000e+07 0.000000e+00 0.000000e+00 3.911682e+08
2.415658e+16 6.115376e-26 2.150000e+07 0.000000e+00 0.000000e+00 3.912246e+08
2.418811e+16 6.069440e-26 2.150000e+07 0.000000e+00 0.000000e+00 3.914324e+08
2.421965e+16 5.976821e-26 2.150000e+07 0.000000e+00 0.000000e+00 3.918557e+08
2.425118e+16 5.842146e-26 2.150000e+07 0.000000e+00 0.000000e+00 3.924831e+08
2.428272e+16 5.671539e-26 2.150000e+07 0.000000e+00 0.000000e+00 3.932985e+08
2.431426e+16 5.472146e-26 2.150000e+07 0.000000e+00 0.000000e+00 3.942824e+08
2.434579e+16 5.251453e-26 2.150000e+07 0.000000e+00 0.000000e+00 3.954133e+08
2.437733e+16 5.016741e-26 2.150000e+07 0.000000e+00 0.000000e+00 3.966688e+08
2.440886e+16 4.774543e-26 2.150000e+07 0.000000e+00 0.000000e+00 3.980267e+08
2.444040e+16 4.530508e-26 2.150000e+07 0.000000e+00 0.000000e+00 3.994659e+08
2.447194e+16 4.289059e-26 2.150000e+07 0.000000e+00 0.000000e+00 4.009671e+08
2.450347e+16 4.053802e-26 2.150000e+07 0.000000e+00 0.000000e+00 4.025130e+08
2.453501e+16 3.827324e-26 2.150000e+07 0.000000e+00 0.000000e+00 4.040884e+08
2.456654e+16 3.611259e-26 2.150000e+07 0.000000e+00 0.000000e+00 4.056804e+08
2.459808e+16 3.406762e-26 2.150000e+07 0.000000e+00 0.000000e+00 4.072779e+08
2.462962e+16 3.214242e-26 2.150000e+07 0.000000e+00 0.000000e+00 4.088719e+08
2.466115e+16 3.033836e-26 2.150000e+07 0.000000e+00 0.000000e+00 4.104549e+08
2.469269e+16 2.865406e-26 2.150000e+07 0.000000e+00 0.000000e+00 4.120210e+08
2.472422e+16 2.708478e-26 2.150000e+07 0.000000e+00 0.000000e+00 4.135653e+08
2.475576e+16 2.562574e-26 2.150000e+07 0.000000e+00 0.000000e+00 4.150841e+08
2.478730e+16 2.427082e-26 2.150000e+07 0.000000e+00 0.000000e+00 4.165748e+08
2.481883e+16 2.301390e-26 2.150000e+07 0.000000e+00 0.000000e+00 4.180351e+08
2.485037e+16 2.184680e-26 2.150000e+07 0.000000e+00 0.000000e+00 4.194636e+08
2.488190e+16 2.076409e-26 2.150000e+07 0.000000e+00 0.000000e+00 4.208592e+08
2.491344e+16 1.975896e-26 2.150000e+07 0.000000e+00 0.000000e+00 4.222215e+08
2.494498e+16 1.882596e-26 2.150000e+07 0.000000e+00 0.000000e+00 4.235501e+08
2.497651e+16 1.795830e-26 2.150000e+07 0.000000e+00 0.000000e+00 4.248449e+08
2.500805e+16 1.715120e-26 2.150000e+07 0.000000e+00 0.000000e+00 4.261063e+08
2.503958e+16 1.639922e-26 2.150000e+07 0.000000e+00 0.000000e+00 4.273346e+08
2.507112e+16 1.569828e-26 2.150000e+07 0.000000e+00 0.000000e+00 4.285302e+08
2.510266e+16 1.504498e-26 2.150000e+07 0.000000e+00 0.000000e+00 4.296938e+08
2.513419e+16 1.443387e-26 2.150000e+07 0.000000e+00 0.000000e+00 4.308261e+08
2.516573e+16 1.386224e-26 2.150000e+07 0.000000e+00 0.000000e+00 4.319277e+08
2.519726e+16 1.332666e-26 2.150000e+07 0.000000e+00 0.000000e+00 4.329995e+08
